//0
0.35
0.6
0.4
//1
0.4
0.6
0.7
//2
0.3
0.6
0.7

//3
0.35
0.6
0.7

//4
0.25
0.35
0.35

//5
0.6
0.6
0.8

//6	
0.4
0.4
0.4

//7	
0.6
0.45
0.45

//8
0.4
0.3
0.3

//9	
0.2
0.2
0.2

//10	
0.1
0.1
0.1

//11	
0.1
0.1
0.1

//12	
0.1
0.1
0.1

//13	
0.1
0.1
0.1

//14
0.1
0.1
0.1

//15
0.1
0.1
0.1

//16
0.1
0.1
0.1

//17	
0.1
0.1
0.1

//18	
0.1
0.1
0.1

//19	
0.1
0.1
0.1

//20	
0.1
0.1
0.1

//21
0.1
0.1
0.1

//22
0.1
0.1
0.1

//23
0.1
0.1
0.1

//24
0.1
0.1
0.1

//25
0.4
0.4
0.4

//26
0.6
0.45
0.45

//27
0.4
0.3
0.3

//28
0.2
0.2
0.2

//29
0.1
0.1
0.1

//30
0.1
0.02
0.02

//31	
0.1
0.1
0.1

//32
0.1
0.1
0.1

//33
0.1
0.1
0.1

//34
0.1
0.1
0.1

//35
0.1
0.1
0.1

//36
0.1
0.1
0.1

//37	
0.1
0.1
0.1

//38
0.1
0.1
0.1

//39
0.1
0.1
0.1

//40
0.1
0.1
0.1

//41	
0.1
0.1
0.1

//42	
0.1
0.1
0.1

//43
0.1
0.1
0.1

//44
0.85
0.4
0.4

//45	
1
0.4
0.4

//46	
0.4
0.4
0.4

//47	
0.2
0.3
0.3

//48
0.85
0.4
0.4

//49
1
0.4
0.4

//50	
0.4
0.4
0.4

//51	
0.2
0.3
0.3
