//0
11.4
30.6
30.4

//1
9.4
30.0
29.0

//2
9.0
30.0
28.0

//3
21.0
22.0
29.0

//4
15.0
16.0
14.3

//5
28.0
9.8
9.8

//6	
28.2
9.2
7.6

//7	
9.2
8.2
7.0

//8
4.5
3.7
3.1

//9	
3.7
2.1
2.3

//10	
2.8
1.8
2.1

//11	
3.7
2.3
2.5

//12	
3.0
2.0
1.8

//13	
3.2
2.0
1.7

//14
3.5
2.1
3.0

//15
3.2
2.0
1.7

//16
2.9
2.1
1.7

//17	
3.4
2.5
2.3

//18	
2.6
1.8
1.8

//19	
2.6
1.8
1.5

//20	
3.5
2.3
2.5

//21
2.3
1.7
1.7

//22
2.5
1.5
1.4

//23
15.0
16.0
14.3

//24
28.0
9.8
9.8

//25	
28.2
9.2
7.6

//26	
9.2
8.2
7.0

//27
4.5
3.7
3.1

//28	
3.7
2.1
2.3

//29	
2.8
1.8
2.1

//30	
3.7
2.3
2.5

//31	
3.0
2.0
1.8

//32	
3.2
2.0
1.7

//33
3.5
2.1
3.0

//34
3.2
2.0
1.7

//35
2.9
2.1
1.7

//36
3.4
2.5
2.3

//37	
2.6
1.8
1.8

//38	
2.6
1.8
1.5

//39	
3.5
2.3
2.5

//40
2.3
1.7
1.7

//41	
2.5
1.7
1.4

//42	
40.0
20.0
20.0

//43	
40.0
14.0
15.3

//44	
14.0
7.0
15.0

//45	
9.0
9.0
10.0

//46	
40.0
20.0
20.0

//47	
40.0
14.0
15.0

//48	
14.0
7.0
15.0

//49	
9.0
9.0
10.0

//50	
40.0
14.0
15.0

//51	
40.0
14.0
15.0

//52	
40.0
14.0
15.0


